colorPalette = [ 0.09 0.75 0.81; 0.84 0.15 0.16 ;0.17 0.63 0.17 ;0.62 0.85 0.90 ;0.45 0.62 0.81;
                0.80 0.80 0.36;1.00 0.73 0.47 ;0.58 0.40 0.74; 0.12 0.47 0.71 ;
                0.74 0.74 0.13;1.00 0.50 0.05; 0.77 0.69 0.84 ;0.6  0.6  0.6];